9.31
2.77
14.63
8.58
56.97
5.74
3.03
8.16
3.46
11.81
6.18
2.86
2.62
4.41
13.08
29.71
2.58
12.79
22.27
4.97
29.82
8.48
3.92
6.41
2.96
9.55
7.20
5.69
6.87
4.95
10.02
25.12
3.06
2.49
2.76
7.89
3.86
8.00
4.49
16.06
32.91
3.54
17.31
4.14
34.50
4.77
18.82
17.36
26.40
2.24
5.22
7.21
2.93
3.81
10.45
5.50
8.39
7.64
28.28
8.24
10.30
5.40
3.35
3.99
10.56
11.63
2.28
2.34
6.77
4.85
5.56
10.25
45.64
6.51
13.66
13.86
3.55
2.22
22.65
13.94
3.56
9.05
2.40
2.10
4.03
9.97
2.65
6.31
16.63
2.79
6.19
7.84
3.49
14.97
30.68
7.12
4.11
4.02
6.64
6.52
12.16
7.22
24.46
3.11
8.72
4.47
5.03
20.33
13.17
3.35
10.22
4.16
2.02
7.13
5.33
29.22
2.66
2.73
4.76
4.00
16.00
10.66
23.65
14.94
6.59
5.87
6.62
3.16
3.49
13.97
27.05
5.39
9.12
33.95
18.23
7.19
2.08
4.77
8.92
5.28
4.03
8.83
2.69
15.62
12.72
9.94
4.50
12.97
2.70
4.06
4.81
6.21
6.63
2.25
6.50
4.62
4.82
3.26
5.14
13.60
15.77
36.17
2.72
43.06
4.41
45.27
5.35
12.31
21.18
15.93
5.33
4.89
22.78
5.17
13.87
18.92
11.38
9.92
15.96
4.12
4.05
16.18
7.60
8.05
13.67
30.99
12.53
6.71
4.80
5.00
13.90
12.01
8.06
6.02
4.33
2.22
8.76
25.80
34.36
21.55
13.34
15.91
5.44
6.60
8.96
15.86
5.64
19.03
5.49
15.20
12.57
21.90
2.60
16.76
10.00
2.82
18.75
15.42
5.99
2.97
8.26
4.74
3.20
6.21
19.84
3.24
10.53
9.51
17.14
6.05
11.29
2.49
4.00
2.14
3.05
17.34
9.88
7.93
2.38
3.62
5.30
3.40
10.42
8.75
17.17
7.61
13.56
11.86
36.04
9.75
25.94
12.05
12.11
13.73
5.02
4.36
7.17
3.39
4.62
4.23
2.26
3.81
10.91
4.03
3.07
26.97
2.58
2.60
2.15
4.04
4.76
3.90
4.67
8.26
2.23
8.44
3.99
4.54
4.78
13.23
6.85
3.94
11.07
29.68
2.61
8.47
5.93
9.79
2.07
2.35
2.70
2.50
15.09
6.67
8.30
5.24
5.04
12.72
6.52
4.22
